%YAML:1.0
---
camera_matrix: !!opencv-matrix
   rows: 3
   cols: 3
   dt: d
   data: [ 8.4422510827145186e+02, 0., 6.3278358140477883e+02, 0.,
       8.4422510827145186e+02, 4.1307351146883400e+02, 0., 0., 1. ]
distortion_coeff: !!opencv-matrix
   rows: 1
   cols: 5
   dt: d
   data: [ 8.5556644966631151e-02, 9.9026302068649735e-02,
       8.1658470180222178e-03, 1.4784611197123350e-02,
       -4.1099264777758182e-01 ]
